665
31
695
76
399
260
44
874
920
553
827
633
380
195
654
886
981
880
737
458
770
719
536
332
406
102
119
501
127
158
337
117
949
265
875
849
848
209
523
498
616
612
474
378
196
205
892
644
1000
574
948
995
190
994
989
810
34
922
252
6
223
548
780
454
90
418
51
46
146
996
7
490
262
829
274
584
174
502
311
577
863
883
935
623
53
906
590
912
38
678
708
189
520
562
915
573
355
725
887
94
339
219
36
805
16
657
885
479
421
254
472
271
600
14
869
692
481
151
48
457
452
742
969
656
944
894
279
537
847
516
952
192
618
52
426
55
121
937
78
965
1
77
718
24
635
791
852
28
261
333
888
624
557
473
118
854
597
5
534
856
898
307
364
491
110
798
308
470
149
234
761
958
611
88
724
535
134
300
384
437
159
686
512
273
919
689
483
923
371
143
64
207
755
12
330
345
634
667
519
323
897
499
313
203
87
251
365
373
640
734
775
245
757
239
398
493
463
85
814
351
140
565
451
244
809
248
132
402
184
492
550
33
940
8
495
201
374
3
162
216
795
551
518
13
532
987
943
587
304
806
459
145
890
528
424
660
390
637
96
93
229
155
292
916
515
811
220
552
126
387
850
820
456
335
413
218
992
166
526
941
32
69
976
970
441
511
522
802
506
957
255
97
900
928
144
865
168
182
744
194
955
999
393
824
123
778
206
815
100
68
893
521
664
18
978
288
95
716
812
340
728
845
11
59
293
230
903
318
169
303
21
263
61
382
15
416
714
133
655
296
356
411
80
99
70
926
172
968
447
272
670
760
904
284
268
325
604
613
509
704
933
310
29
476
66
84
813
108
676
26
187
729
629
544
698
959
215
266
484
672
832
183
379
772
961
939
258
882
712
625
63
397
376
568
934
720
467
601
911
736
622
819
60
56
240
823
43
789
918
103
838
786
681
581
225
705
649
497
580
23
74
480
276
281
349
344
455
392
862
851
109
297
539
533
256
423
488
419
513
990
128
336
905
180
363
395
979
658
610
167
530
846
840
974
547
157
756
91
663
425
602
415
329
800
130
338
876
428
566
89
496
765
631
759
857
966
228
312
482
621
942
768
688
646
320
843
269
45
129
924
993
517
358
884
112
116
391
853
626
120
178
739
671
769
777
352
305
608
57
142
466
917
828
280
111
35
569
576
866
478
873
867
771
836
683
527
525
434
790
785
101
231
131
841
357
833
748
889
545
677
163
767
224
404
350
835
372
114
980
693
54
842
22
648
583
362
834
449
360
540
711
92
821
855
136
575
682
700
326
107
662
639
47
826
531
242
302
774
997
173
503
460
792
902
950
464
751
235
733
377
546
598
309
427
283
717
910
301
645
67
438
971
741
954
290
403
214
389
450
745
152
617
314
420
505
754
764
609
407
475
615
642
674
193
868
752
991
860
19
588
135
901
243
247
285
947
179
327
871
9
353
238
605
543
105
589
817
825
907
560
859
830
638
359
690
750
914
881
669
740
150
375
793
62
328
614
582
781
282
707
321
735
417
20
348
925
647
443
951
115
713
721
561
510
697
938
555
227
324
571
799
956
691
680
250
25
687
286
650
927
878
188
549
277
946
738
679
627
963
259
619
289
37
249
471
381
58
945
709
953
595
137
804
659
895
967
975
988
641
175
422
81
433
139
570
341
435
410
930
643
487
113
796
879
204
784
730
628
630
564
675
370
964
538
960
973
72
891
508
462
929
147
899
334
241
257
554
567
98
246
171
299
579
723
429
839
529
787
343
607
747
858
936
122
870
931
822
763
65
909
722
383
703
385
104
685
998
593
253
213
731
556
287
432
732
202
572
270
864
469
985
673
932
170
653
222
442
783
586
347
42
808
762
877
412
797
294
486
603
322
861
141
489
977
837
198
578
217
295
430
558
291
794
400
962
124
727
896
79
831
701
749
153
779
541
414
41
138
200
17
367
275
807
186
2
594
801
148
636
4
666
346
331
86
316
726
75
507
596
264
226
212
710
591
684
500
49
746
267
542
453
106
465
972
369
185
298
632
176
388
30
361
908
278
477
210
776
524
232
83
436
661
668
706
921
559
439
27
461
984
844
191
342
236
181
599
743
485
983
504
702
872
368
563
237
758
160
177
448
494
816
317
354
606
233
440
803
306
315
50
221
818
409
753
40
652
71
156
694
154
986
514
161
405
982
766
125
319
10
651
401
431
82
696
773
446
208
585
782
444
73
408
913
197
39
715
445
394
396
386
199
788
592
699
366
211
165
164
620
468